const short mazeDatabase[10][MAXWIDTH][MAXLENGTH] =
{	//最右边和最下面的 每行每列都加个-1来判断数组的实际长度。
//1
{
{0, 0, -1},
{0, 1, -1},
{0, 1, -1},
{0, 1, -1},
{0, 0, -1},
{1, 0, -1},
{1, 0, -1},
{1, 0, -1},
{0, 0, -1},
{1, 0, -1},
{1, 0, -1},
{1, 0, -1},
{1, 0, -1},
{0, 0, -1},
{0, 0, -1},
{0, 1, -1},
{0, 1, -1},
{0, 1, -1},
{0, 1, -1},
{0, 1, -1},
{0, 1, -1},
{0, 0, -1},
{0, 1, -1},
{0, 1, -1},
{0, 0, -1},
{0, 1, -1},
{0, 1, -1},
{0, 0, -1},
{-1, -1, -1 , -1},
},
//2
{
{ 0, 0, 1, 0, 1, 0, 1, 0, 1, -1 },
{ 0, 0, 1, 0, 1, 0, 1, 0, 1, -1 },
{ 0, 0, 0, 0, 1, 0, 0, 0, 1, -1 },
{ 0, 0, 0, 0, 0, 0, 1, 0, 0, -1 },
{ 0, 0, 1, 1, 1, 0, 1, 1, 0, -1 },
{ 1, 0, 1, 0, 1, 1, 0, 0, 0, -1 },
{ 1, 0, 1, 0, 1, 0, 0, 1, 0, -1 },
{ 0, 0, 0, 0, 1, 0, 1, 1, 0, -1 },
{ 1, 1, 1, 0, 0, 0, 0, 1, 0, -1 },
{ -1, -1, -1 , -1, -1, -1, -1 , -1, -1, -1, -1 , -1, -1, -1 }
},
//3
{
{0, 1, 0, 0, 0, 1, 0, 0, -1},
{0, 1, 0, 1, 0, 0, 1, 1, -1},
{0, 0, 0, 1, 0, 0, 0, 1, -1},
{0, 1, 0, 0, 0, 1, 0, 1, -1},
{0, 1, 1, 1, 0, 1, 0, 1, -1},
{0, 0, 0, 0, 0, 1, 0, 0, -1},
{0, 1, 1, 1, 0, 1, 0, 0, -1},
{0, 0, 0, 1, 1, 0, 0, 0, -1},
{-1, -1, -1, -1, -1, -1, -1, -1}
},
//4
{
{0, 0, 0, 0, 1, 1, 0, 1, 1, 1, 1, 0, 1, 1, 0, 1, 0, 1, 0, 1, 0, -1 },
{1, 0, 1, 0, 1, 1, 0, 0, 0, 1, 1, 0, 0, 0, 0, 1, 0, 1, 0, 1, 0, -1 },
{1, 1, 1, 0, 1, 1, 0, 1, 0, 1, 1, 0, 1, 1, 0, 1, 0, 1, 0, 1, 0, -1 },
{0, 0, 0, 0, 0, 0, 0, 0, 0, 0, 1, 0, 1, 0, 1, 1, 0, 1, 0, 1, 0, -1 },
{1, 1, 1, 0, 1, 1, 1, 0, 1, 0, 1, 0, 1, 0, 0, 1, 0, 1, 0, 1, 0, -1 },
{1, 0, 1, 0, 1, 1, 0, 1, 0, 0, 1, 0, 1, 1, 0, 1, 0, 1, 0, 0, 0, -1 },
{1, 0, 0, 0, 1, 1, 0, 1, 1, 0, 1, 0, 0, 0, 0, 1, 1, 1, 0, 0, 0, -1 },
{1, 0, 0, 1, 1, 1, 0, 1, 1, 0, 1, 0, 0, 0, 0, 1, 1, 0, 0, 1, 0, -1 },
{1, 0, 1, 0, 0, 0, 0, 1, 1, 0, 1, 0, 0, 0, 1, 1, 1, 0, 0, 1, 0, -1 },
{0, 0, 1, 0, 1, 1, 0, 1, 0, 0, 1, 0, 1, 0, 0, 1, 1, 0, 0, 1, 0, -1 },
{0, 0, 1, 0, 1, 1, 0, 1, 0, 1, 1, 0, 1, 1, 0, 1, 0, 0, 0, 1, 0, -1 },
{0, 1, 1, 0, 1, 1, 0, 1, 0, 0, 1, 0, 1, 0, 0, 1, 0, 0, 0, 1, 0, -1 },
{0, 1, 1, 0, 1, 1, 0, 1, 1, 0, 1, 0, 1, 0, 1, 1, 0, 1, 0, 1, 0, -1 },
{0, 1, 1, 0, 0, 0, 0, 1, 0, 0, 1, 0, 1, 0, 0, 1, 0, 1, 0, 1, 0, -1 },
{0, 1, 1, 0, 0, 1, 0, 1, 0, 1, 1, 0, 1, 1, 0, 1, 0, 1, 1, 0, 0, -1 },
{0, 0, 1, 1, 0, 1, 0, 1, 0, 0, 1, 0, 1, 0, 0, 1, 0, 1, 1, 0, 1, -1 },
{1, 0, 1, 1, 0, 1, 0, 1, 1, 0, 1, 0, 1, 0, 0, 1, 0, 1, 1, 0, 1, -1 },
{1, 0, 1, 1, 0, 1, 0, 1, 0, 0, 1, 0, 0, 1, 0, 1, 0, 1, 1, 0, 0, -1 },
{1, 0, 1, 1, 0, 1, 0, 1, 0, 1, 1, 0, 0, 1, 0, 1, 0, 1, 1, 1, 0, -1 },
{1, 0, 1, 1, 1, 1, 0, 1, 0, 1, 1, 0, 0, 1, 0, 1, 0, 1, 0, 0, 0, -1 },
{1, 0, 0, 0, 0, 0, 0, 0, 0, 0, 1, 0, 0, 1, 0, 1, 0, 1, 0, 1, 0, -1 },
{1, 0, 1, 1, 1, 1, 0, 1, 0, 1, 1, 0, 1, 1, 0, 1, 0, 1, 0, 1, 0, -1 },
{1, 1, 0, 0, 0, 0, 1, 0, 0, 1, 1, 0, 1, 0, 0, 1, 0, 1, 0, 1, 0, -1 },
{1, 1, 0, 0, 0, 0, 1, 0, 0, 1, 1, 0, 1, 0, 1, 1, 0, 1, 0, 1, 1, -1 },
{1, 1, 0, 0, 0, 0, 1, 1, 0, 0, 1, 0, 1, 0, 0, 1, 0, 1, 0, 0, 0, -1 },
{1, 1, 0, 0, 0, 0, 1, 1, 1, 0, 0, 0, 1, 1, 0, 0, 0, 1, 0, 1, 0, -1 },
{-1, -1, -1 , -1, -1,-1, -1, -1 , -1, -1, -1, -1, -1, -1, -1, -1,-1, -1, -1, -1, -1,-1, -1, -1, -1, -1}
},
//5
{
{ 0, 1, 0, 0, 0, 1, 1, 1, 1, 1, -1 },
{ 0, 1, 1, 1, 0, 1, 1, 1, 1, 1, -1 },
{ 0, 0, 0, 0, 0, 1, 1, 1, 1, 1, -1 },
{ 1, 1, 0, 1, 1, 1, 1, 1, 1, 1, -1 },
{ 1, 1, 0, 1, 1, 0, 0, 0, 1, 1, -1 },
{ 1, 1, 0, 1, 1, 0, 1, 0, 1, 1, -1 },
{ 1, 1, 0, 0, 0, 0, 0, 0, 1, 1, -1 },
{ 1, 1, 1, 0, 1, 1, 1, 0, 1, 1, -1 },
{ 1, 1, 1, 0, 1, 1, 1, 0, 1, 1, -1 },
{ 1, 1, 1, 0, 1, 1, 1, 0, 0, 0, -1 },
{-1, -1, -1 , -1, -1,-1, -1, -1 , -1, -1, -1, -1}
},
//6
{
{0,1,1,1,1,1,1,1,1,1,-1},
{0,0,0,1,0,0,0,1,0,1,-1},
{1,1,0,1,0,0,0,1,0,1,-1},
{1,0,0,0,0,1,1,0,0,1,-1},
{1,0,1,1,1,0,0,0,0,1,-1},
{1,0,0,0,1,0,0,0,0,1,-1},
{1,0,1,0,0,0,1,0,0,1,-1},
{1,0,1,1,1,0,1,1,0,0,-1},
{1,1,0,0,0,0,0,0,0,0,-1},
{1,1,1,1,1,1,1,1,1,0,-1},
{-1,-1,-1,-1,-1,-1,-1,-1,-1,-1,-1,-1,-1,-1,-1,-1}
},
//7
{
{0, 0, 1, 0, 0, 0, 1, 0,-1},
{0, 0, 1, 1, 0, 0, 1, 0,-1},
{0, 0, 0, 0, 1, 1, 0, 0,-1},
{0, 1, 1, 1, 0, 0, 0, 0,-1},
{0, 0, 0, 1, 1, 0, 0, 0,-1},
{0, 1, 0, 0, 0, 1, 0, 0,-1},
{0, 1, 1, 1, 0, 1, 1, 0,-1},
{1, 1, 0, 0, 0, 0, 0, 0,-1},
{-1,-1,-1,-1,-1,-1,-1,-1,-1,-1,-1,-1,-1,-1,-1,-1}
},
//8
{
{0, 1, 1, 1,-1},
{0, 0, 1, 1,-1},
{0, 0, 1, 1,-1},
{0, 1, 1, 1,-1},
{0, 0, 0, 1,-1},
{0, 1, 0 ,1,-1},
{0, 0, 0, 0,-1},
{0, 1, 1, 0,-1},
{0, 1, 1, 0,-1},
{-1,-1,-1,-1,-1,-1,-1,-1,-1,-1,-1,-1}
},
//9
{
{0, 0, 0, 0, 0, 0, 0, 1, 1, 0, -1 },
{1, 0, 1, 0, 1, 1, 0, 0, 0, 1, -1 },
{1, 0, 1, 1, 1, 1, 0, 1, 0, 1, -1 },
{0, 0, 0, 0, 0, 0, 0, 0, 0, 0, -1 },
{1, 1, 1, 0, 1, 1, 0, 0, 1, 0, -1 },
{1, 0, 1, 1, 1, 1, 0, 1, 0, 0, -1 },
{1, 0, 0, 0, 0, 0, 0, 0, 1, 0, -1 },
{0, 0, 1, 1, 1, 1, 0, 1, 0, 1, -1 },
{0, 1, 0, 0, 0, 0, 1, 0, 0, 1, -1 },
{0, 0, 0, 0, 0, 0, 1, 0, 0, 1, -1 },
{1, 1, 0, 0, 0, 0, 0, 0, 0, 0, -1 },
{-1, -1, -1 , -1, -1,-1, -1, -1 , -1, -1, -1, -1, -1, -1}
},
//10
{
{0,0,0,0,0,0,0,0,0,0,0,0,0,0,0,1,0,1,0,0,1,1, -1},
{0,0,0,1,0,0,0,1,0,1,1,1,1,1,0,1,1,1,1,0,1,1, -1},
{1,1,0,1,0,0,0,1,0,1,0,0,0,0,0,1,0,1,0,0,1,1, -1},
{1,0,0,0,0,1,1,0,0,1,0,1,1,1,1,1,0,1,0,0,1,1, -1},
{1,0,1,1,1,0,0,0,0,1,0,1,1,0,0,0,0,0,1,0,0,1, -1},
{1,0,0,0,1,0,0,0,0,1,0,1,1,0,1,1,0,0,1,1,0,0, -1},
{1,0,1,0,0,0,1,0,0,1,0,1,1,0,1,1,0,0,1,0,0,1, -1},
{1,0,1,1,1,0,1,1,0,0,0,0,0,0,1,1,0,0,1,0,1,1, -1},
{1,0,0,0,0,0,0,0,0,0,1,1,1,0,1,1,0,0,1,0,1,1, -1},
{1,1,1,0,1,1,1,1,1,0,1,1,1,0,1,1,0,0,0,0,0,1, -1},
{1,1,0,0,1,1,1,1,1,0,1,1,0,0,1,1,0,0,0,1,0,1, -1},
{1,0,0,1,1,0,0,0,0,0,1,1,0,1,1,1,1,1,0,1,0,1, -1},
{1,0,1,1,0,0,1,1,1,1,1,1,0,0,0,0,0,1,0,1,0,0, -1},
{0,0,0,1,0,1,1,0,0,0,1,1,1,1,1,1,0,1,0,1,1,0, -1},
{0,1,0,1,0,1,1,0,1,0,0,0,0,0,0,1,1,1,0,0,1,0, -1},
{0,1,0,1,0,1,1,0,1,0,1,1,1,1,0,1,0,1,1,0,0,0, -1},
{0,1,0,1,0,0,1,0,1,0,1,1,1,1,0,0,0,0,0,0,1,0, -1},
{0,0,0,1,1,0,0,0,1,0,1,1,1,1,1,1,0,1,0,0,1,0, -1},
{-1,-1,-1,-1,-1,-1,-1,-1,-1,-1,-1,-1,-1,-1,-1,-1,-1,-1,-1,-1,-1,-1,-1,-1,-1,-1,-1}
}
};